$ANSIBLE_VAULT;1.1;AES256
66616136393731313331353961633433336337633936653065623930623630633866656365366666
3434353230396537643363356563653738663764663738650a323263396239303161346566663637
33366630353465666632363234663966386139303837633964636332396263363565383939376434
3034383065396433630a303436633836303533396330333465353633663638366266306661396235
39386333666636326634363465353133333265636366396338313835663637386232353733306565
38326365646532353634646238363839326233336530666264646531653136313435316264333233
39303861316530663637373635323664313633643662663163363338666366663633366461666538
33333833646461386431316566316638356361343932363038643238623431636562333436333965
65663334396430313238386235666437316466383361383562643731386338333864323461373333
32383965306563326630626238336337313763386337643930383561626162626335393531643832
61333762323531613339636534383965333731353839626566623334633364353833663662303230
35346434316361636363303239633263383939633436326535326663303831636366336631303135
61653766303563613064336237626238343236653164623532343563343936303031653239396537
31633365663965383137303032306437396233633632306364653161366433653762613364366539
30653536313033623735626239326566336334616662323662663930623963376139623361393761
61323138653862386536663064363335643935333463383439343262373934366466623565396164
32303937376161633165666639303564323363613935656130313032666532313236626536633837
65313365643064386634656237313561633136633537313335343135396464333965653763383231
33363733393736316536313864303032663663353336623066386136636537323764316636393366
65386366373139393638356330373936323765386538313034663936373035636138343166656638
34626530623932633331643264623665633030326163646534316233383933653463646239313233
33353662333637353433336133383430663739613331356166653264613534663062353237663735
36633930633638333065663833616630653162633266643164666465633433346134636336393236
30663262353239303861
